{"name":"Local: b7matrandoixung","url":"d:\\projectC++\\INCLASSNHAPMONLAPTRINH\\IT00.10 mang2chieu\\b7matrandoixung.cpp","tests":[{"id":1732117494914,"input":"8 8\n\n12 12.5 3.13 0.97 19.3 16 1.9 10.1\n\n12.5 1.36 18.8 8.71 16.1 12.2 4 9.97\n\n3.13 18.8 4.39 12.7 2.85 13.3 4.69 20\n\n0.97 8.71 12.7 3.96 19.1 9.63 12.9 4.59\n\n19.3 16.1 2.85 19.1 1.13 11.2 5.74 9.91\n\n16 12.2 13.3 9.63 11.2 2.97 7.63 18.6\n\n1.9 4 4.69 12.9 5.74 7.63 7.87 9.2\n\n10.1 9.97 20 4.59 9.91 18.6 9.2 0.873","output":""},{"id":1732117514673,"input":"3 3\n\n9 1 4\n\n8 3 7\n\n1 4 5","output":""}],"interactive":false,"memoryLimit":1024,"timeLimit":3000,"srcPath":"d:\\projectC++\\INCLASSNHAPMONLAPTRINH\\IT00.10 mang2chieu\\b7matrandoixung.cpp","group":"local","local":true}